New Data Set
arr : [6  9  14  19  17  16  15  4  11  8  10  7  18  1  2  3  13  12  20  5]
quick sort started
Sort in [0,19]
arr : [6  9  14  19  17  16  15  4  11  8  10  7  18  1  2  3  13  12  20  5]
Sort in [0,13]
arr : [13  9  14  19  17  16  15  20  11  8  10  7  18  12] 6  3  2  1  4  5 
Sort in [0,6]
arr : [20  18  14  19  17  16  15] 13  11  8  10  7  9  12  6  3  2  1  4  5 
Sort in [0,0]
arr : [20] 19  14  18  17  16  15  13  11  8  10  7  9  12  6  3  2  1  4  5 
Sort in [2,6]
arr :  20  19 [14  18  17  16  15] 13  11  8  10  7  9  12  6  3  2  1  4  5 
Sort in [2,4]
arr :  20  19 [16  18  17] 15  14  13  11  8  10  7  9  12  6  3  2  1  4  5 
Sort in [2,2]
arr :  20  19 [18] 17  16  15  14  13  11  8  10  7  9  12  6  3  2  1  4  5 
Sort in [4,4]
arr :  20  19  18  17 [16] 15  14  13  11  8  10  7  9  12  6  3  2  1  4  5 
Sort in [6,6]
arr :  20  19  18  17  16  15 [14] 13  11  8  10  7  9  12  6  3  2  1  4  5 
Sort in [8,13]
arr :  20  19  18  17  16  15  14  13 [11  8  10  7  9  12] 6  3  2  1  4  5 
Sort in [8,8]
arr :  20  19  18  17  16  15  14  13 [12] 11  10  7  9  8  6  3  2  1  4  5 
Sort in [10,13]
arr :  20  19  18  17  16  15  14  13  12  11 [10  7  9  8] 6  3  2  1  4  5 
Sort in [10,11]
arr :  20  19  18  17  16  15  14  13  12  11 [9  10] 8  7  6  3  2  1  4  5 
Sort in [10,10]
arr :  20  19  18  17  16  15  14  13  12  11 [10] 9  8  7  6  3  2  1  4  5 
Sort in [12,11]
Sort in [13,13]
arr :  20  19  18  17  16  15  14  13  12  11  10  9  8 [7] 6  3  2  1  4  5 
Sort in [15,19]
arr :  20  19  18  17  16  15  14  13  12  11  10  9  8  7  6 [3  2  1  4  5]
Sort in [15,16]
arr :  20  19  18  17  16  15  14  13  12  11  10  9  8  7  6 [4  5] 3  1  2 
Sort in [15,15]
arr :  20  19  18  17  16  15  14  13  12  11  10  9  8  7  6 [5] 4  3  1  2 
Sort in [17,16]
Sort in [18,19]
arr :  20  19  18  17  16  15  14  13  12  11  10  9  8  7  6  5  4  3 [1  2]
Sort in [18,18]
arr :  20  19  18  17  16  15  14  13  12  11  10  9  8  7  6  5  4  3 [2] 1 
Sort in [20,19]
New Data Set
arr : [4  9  15  8  12  10  19  18  33  21  3  4  5  5  13  9  23  17  16  15]
quick sort started
Sort in [0,19]
arr : [4  9  15  8  12  10  19  18  33  21  3  4  5  5  13  9  23  17  16  15]
Sort in [0,6]
arr : [18  16  17  23  21  33  19] 15  10  12  3  4  5  5  13  9  8  15  9  4 
Sort in [0,2]
arr : [23  33  21] 19  17  16  18  15  10  12  3  4  5  5  13  9  8  15  9  4 
Sort in [0,0]
arr : [33] 23  21  19  17  16  18  15  10  12  3  4  5  5  13  9  8  15  9  4 
Sort in [2,2]
arr :  33  23 [21] 19  17  16  18  15  10  12  3  4  5  5  13  9  8  15  9  4 
Sort in [4,6]
arr :  33  23  21  19 [17  16  18] 15  10  12  3  4  5  5  13  9  8  15  9  4 
Sort in [4,4]
arr :  33  23  21  19 [18] 17  16  15  10  12  3  4  5  5  13  9  8  15  9  4 
Sort in [6,6]
arr :  33  23  21  19  18  17 [16] 15  10  12  3  4  5  5  13  9  8  15  9  4 
Sort in [8,19]
arr :  33  23  21  19  18  17  16  15 [10  12  3  4  5  5  13  9  8  15  9  4]
Sort in [8,14]
arr :  33  23  21  19  18  17  16  15 [9  12  9  15  8  10  13] 5  5  4  3  4 
Sort in [8,8]
arr :  33  23  21  19  18  17  16  15 [15] 13  9  12  8  10  9  5  5  4  3  4 
Sort in [10,14]
arr :  33  23  21  19  18  17  16  15  15  13 [9  12  8  10  9] 5  5  4  3  4 
Sort in [10,12]
arr :  33  23  21  19  18  17  16  15  15  13 [10  12  9] 9  8  5  5  4  3  4 
Sort in [10,10]
arr :  33  23  21  19  18  17  16  15  15  13 [12] 10  9  9  8  5  5  4  3  4 
Sort in [12,12]
arr :  33  23  21  19  18  17  16  15  15  13  12  10 [9] 9  8  5  5  4  3  4 
Sort in [14,14]
arr :  33  23  21  19  18  17  16  15  15  13  12  10  9  9 [8] 5  5  4  3  4 
Sort in [16,19]
arr :  33  23  21  19  18  17  16  15  15  13  12  10  9  9  8  5 [5  4  3  4]
Sort in [16,17]
arr :  33  23  21  19  18  17  16  15  15  13  12  10  9  9  8  5 [4  5] 4  3 
Sort in [16,16]
arr :  33  23  21  19  18  17  16  15  15  13  12  10  9  9  8  5 [5] 4  4  3 
Sort in [18,17]
Sort in [19,19]
arr :  33  23  21  19  18  17  16  15  15  13  12  10  9  9  8  5  5  4  4 [3]
New Data Set
arr : [29  47  63  77  49  32  48  29  40  20  19  38  47  32  31  58  62  41  2  5  7  3  1  91  32  35]
quick sort started
Sort in [0,25]
arr : [29  47  63  77  49  32  48  29  40  20  19  38  47  32  31  58  62  41  2  5  7  3  1  91  32  35]
Sort in [0,11]
arr : [47  47  63  77  49  91  48  41  40  62  58  38] 35  32  31  19  20  29  2  5  7  3  1  32  32  29 
Sort in [0,6]
arr : [62  58  63  77  49  91  48] 47  40  41  47  38  35  32  31  19  20  29  2  5  7  3  1  32  32  29 
Sort in [0,2]
arr : [77  91  63] 62  49  58  48  47  40  41  47  38  35  32  31  19  20  29  2  5  7  3  1  32  32  29 
Sort in [0,0]
arr : [91] 77  63  62  49  58  48  47  40  41  47  38  35  32  31  19  20  29  2  5  7  3  1  32  32  29 
Sort in [2,2]
arr :  91  77 [63] 62  49  58  48  47  40  41  47  38  35  32  31  19  20  29  2  5  7  3  1  32  32  29 
Sort in [4,6]
arr :  91  77  63  62 [49  58  48] 47  40  41  47  38  35  32  31  19  20  29  2  5  7  3  1  32  32  29 
Sort in [4,4]
arr :  91  77  63  62 [58] 49  48  47  40  41  47  38  35  32  31  19  20  29  2  5  7  3  1  32  32  29 
Sort in [6,6]
arr :  91  77  63  62  58  49 [48] 47  40  41  47  38  35  32  31  19  20  29  2  5  7  3  1  32  32  29 
Sort in [8,11]
arr :  91  77  63  62  58  49  48  47 [40  41  47  38] 35  32  31  19  20  29  2  5  7  3  1  32  32  29 
Sort in [8,9]
arr :  91  77  63  62  58  49  48  47 [47  41] 40  38  35  32  31  19  20  29  2  5  7  3  1  32  32  29 
Sort in [8,7]
Sort in [9,9]
arr :  91  77  63  62  58  49  48  47  47 [41] 40  38  35  32  31  19  20  29  2  5  7  3  1  32  32  29 
Sort in [11,11]
arr :  91  77  63  62  58  49  48  47  47  41  40 [38] 35  32  31  19  20  29  2  5  7  3  1  32  32  29 
Sort in [13,25]
arr :  91  77  63  62  58  49  48  47  47  41  40  38  35 [32  31  19  20  29  2  5  7  3  1  32  32  29]
Sort in [13,16]
arr :  91  77  63  62  58  49  48  47  47  41  40  38  35 [32  31  32  32] 29  2  5  7  3  1  29  20  19 
Sort in [13,14]
arr :  91  77  63  62  58  49  48  47  47  41  40  38  35 [32  32] 32  31  29  2  5  7  3  1  29  20  19 
Sort in [13,13]
arr :  91  77  63  62  58  49  48  47  47  41  40  38  35 [32] 32  32  31  29  2  5  7  3  1  29  20  19 
Sort in [15,14]
Sort in [16,16]
arr :  91  77  63  62  58  49  48  47  47  41  40  38  35  32  32  32 [31] 29  2  5  7  3  1  29  20  19 
Sort in [18,25]
arr :  91  77  63  62  58  49  48  47  47  41  40  38  35  32  32  32  31  29 [2  5  7  3  1  29  20  19]
Sort in [18,22]
arr :  91  77  63  62  58  49  48  47  47  41  40  38  35  32  32  32  31  29 [29  5  7  19  20] 3  1  2 
Sort in [18,18]
arr :  91  77  63  62  58  49  48  47  47  41  40  38  35  32  32  32  31  29 [29] 20  7  19  5  3  1  2 
Sort in [20,22]
arr :  91  77  63  62  58  49  48  47  47  41  40  38  35  32  32  32  31  29  29  20 [7  19  5] 3  1  2 
Sort in [20,20]
arr :  91  77  63  62  58  49  48  47  47  41  40  38  35  32  32  32  31  29  29  20 [19] 7  5  3  1  2 
Sort in [22,22]
arr :  91  77  63  62  58  49  48  47  47  41  40  38  35  32  32  32  31  29  29  20  19  7 [5] 3  1  2 
Sort in [24,25]
arr :  91  77  63  62  58  49  48  47  47  41  40  38  35  32  32  32  31  29  29  20  19  7  5  3 [1  2]
Sort in [24,24]
arr :  91  77  63  62  58  49  48  47  47  41  40  38  35  32  32  32  31  29  29  20  19  7  5  3 [2] 1 
Sort in [26,25]
New Data Set
arr : [1  2  3  4  5  6  7  8  9  10  11  12  13  14  15  16  17  18  19  20  21  22  23  24  25  26  27]
quick sort started
Sort in [0,26]
arr : [1  2  3  4  5  6  7  8  9  10  11  12  13  14  15  16  17  18  19  20  21  22  23  24  25  26  27]
Sort in [0,12]
arr : [15  27  26  25  24  23  22  21  20  19  18  17  16] 14  1  13  12  11  10  9  8  7  6  5  4  3  2 
Sort in [0,10]
arr : [17  27  26  25  24  23  22  21  20  19  18] 16  15  14  1  13  12  11  10  9  8  7  6  5  4  3  2 
Sort in [0,8]
arr : [19  27  26  25  24  23  22  21  20] 18  17  16  15  14  1  13  12  11  10  9  8  7  6  5  4  3  2 
Sort in [0,6]
arr : [21  27  26  25  24  23  22] 20  19  18  17  16  15  14  1  13  12  11  10  9  8  7  6  5  4  3  2 
Sort in [0,4]
arr : [23  27  26  25  24] 22  21  20  19  18  17  16  15  14  1  13  12  11  10  9  8  7  6  5  4  3  2 
Sort in [0,2]
arr : [25  27  26] 24  23  22  21  20  19  18  17  16  15  14  1  13  12  11  10  9  8  7  6  5  4  3  2 
Sort in [0,0]
arr : [27] 26  25  24  23  22  21  20  19  18  17  16  15  14  1  13  12  11  10  9  8  7  6  5  4  3  2 
Sort in [2,2]
arr :  27  26 [25] 24  23  22  21  20  19  18  17  16  15  14  1  13  12  11  10  9  8  7  6  5  4  3  2 
Sort in [4,4]
arr :  27  26  25  24 [23] 22  21  20  19  18  17  16  15  14  1  13  12  11  10  9  8  7  6  5  4  3  2 
Sort in [6,6]
arr :  27  26  25  24  23  22 [21] 20  19  18  17  16  15  14  1  13  12  11  10  9  8  7  6  5  4  3  2 
Sort in [8,8]
arr :  27  26  25  24  23  22  21  20 [19] 18  17  16  15  14  1  13  12  11  10  9  8  7  6  5  4  3  2 
Sort in [10,10]
arr :  27  26  25  24  23  22  21  20  19  18 [17] 16  15  14  1  13  12  11  10  9  8  7  6  5  4  3  2 
Sort in [12,12]
arr :  27  26  25  24  23  22  21  20  19  18  17  16 [15] 14  1  13  12  11  10  9  8  7  6  5  4  3  2 
Sort in [14,26]
arr :  27  26  25  24  23  22  21  20  19  18  17  16  15  14 [1  13  12  11  10  9  8  7  6  5  4  3  2]
Sort in [14,24]
arr :  27  26  25  24  23  22  21  20  19  18  17  16  15  14 [3  13  12  11  10  9  8  7  6  5  4] 2  1 
Sort in [14,22]
arr :  27  26  25  24  23  22  21  20  19  18  17  16  15  14 [5  13  12  11  10  9  8  7  6] 4  3  2  1 
Sort in [14,20]
arr :  27  26  25  24  23  22  21  20  19  18  17  16  15  14 [7  13  12  11  10  9  8] 6  5  4  3  2  1 
Sort in [14,18]
arr :  27  26  25  24  23  22  21  20  19  18  17  16  15  14 [9  13  12  11  10] 8  7  6  5  4  3  2  1 
Sort in [14,16]
arr :  27  26  25  24  23  22  21  20  19  18  17  16  15  14 [11  13  12] 10  9  8  7  6  5  4  3  2  1 
Sort in [14,14]
arr :  27  26  25  24  23  22  21  20  19  18  17  16  15  14 [13] 12  11  10  9  8  7  6  5  4  3  2  1 
Sort in [16,16]
arr :  27  26  25  24  23  22  21  20  19  18  17  16  15  14  13  12 [11] 10  9  8  7  6  5  4  3  2  1 
Sort in [18,18]
arr :  27  26  25  24  23  22  21  20  19  18  17  16  15  14  13  12  11  10 [9] 8  7  6  5  4  3  2  1 
Sort in [20,20]
arr :  27  26  25  24  23  22  21  20  19  18  17  16  15  14  13  12  11  10  9  8 [7] 6  5  4  3  2  1 
Sort in [22,22]
arr :  27  26  25  24  23  22  21  20  19  18  17  16  15  14  13  12  11  10  9  8  7  6 [5] 4  3  2  1 
Sort in [24,24]
arr :  27  26  25  24  23  22  21  20  19  18  17  16  15  14  13  12  11  10  9  8  7  6  5  4 [3] 2  1 
Sort in [26,26]
arr :  27  26  25  24  23  22  21  20  19  18  17  16  15  14  13  12  11  10  9  8  7  6  5  4  3  2 [1]
New Data Set
arr : [4  4  4  4]
quick sort started
Sort in [0,3]
arr : [4  4  4  4]
Sort in [0,1]
arr : [4  4] 4  4 
Sort in [0,0]
arr : [4] 4  4  4 
Sort in [2,1]
Sort in [3,3]
arr :  4  4  4 [4]
